cant_hosts=1;max_iters=25;max_resets=25
INITIAL MATRIX: 
0 0 0 0 0 
0 0 0 0 0 
0 0 0 0 0 
0 0 0 0 0 
0 0 0 0 0 
0 0 0 0 0 
0 0 0 0 0 
0 0 0 0 0 
0 0 0 0 0 
0 0 0 0 0 
0 0 0 0 0 
0 0 0 0 0 
0 0 0 0 0 
EVAL: 394
394
FINAL MATRIX: 
0 0 0 0 0 
0 0 0 0 0 
0 0 0 0 0 
0 0 0 0 0 
0 0 0 0 0 
0 0 0 0 0 
0 0 0 0 0 
0 0 0 0 0 
0 0 0 0 0 
0 0 0 0 0 
0 0 0 0 0 
0 0 0 0 0 
0 0 0 0 0 
BEST SOL EVAL: 394
Time: 8.000000 sec
cant_hosts=1;max_iters=50;max_resets=25
INITIAL MATRIX: 
0 0 0 0 0 
0 0 0 0 0 
0 0 0 0 0 
0 0 0 0 0 
0 0 0 0 0 
0 0 0 0 0 
0 0 0 0 0 
0 0 0 0 0 
0 0 0 0 0 
0 0 0 0 0 
0 0 0 0 0 
0 0 0 0 0 
0 0 0 0 0 
EVAL: 394
394
FINAL MATRIX: 
0 0 0 0 0 
0 0 0 0 0 
0 0 0 0 0 
0 0 0 0 0 
0 0 0 0 0 
0 0 0 0 0 
0 0 0 0 0 
0 0 0 0 0 
0 0 0 0 0 
0 0 0 0 0 
0 0 0 0 0 
0 0 0 0 0 
0 0 0 0 0 
BEST SOL EVAL: 394
Time: 16.00000 sec
cant_hosts=1;max_iters=25;max_resets=50
INITIAL MATRIX: 
0 0 0 0 0 
0 0 0 0 0 
0 0 0 0 0 
0 0 0 0 0 
0 0 0 0 0 
0 0 0 0 0 
0 0 0 0 0 
0 0 0 0 0 
0 0 0 0 0 
0 0 0 0 0 
0 0 0 0 0 
0 0 0 0 0 
0 0 0 0 0 
EVAL: 394
394
FINAL MATRIX: 
0 0 0 0 0 
0 0 0 0 0 
0 0 0 0 0 
0 0 0 0 0 
0 0 0 0 0 
0 0 0 0 0 
0 0 0 0 0 
0 0 0 0 0 
0 0 0 0 0 
0 0 0 0 0 
0 0 0 0 0 
0 0 0 0 0 
0 0 0 0 0 
BEST SOL EVAL: 394
Time: 17.00000 sec
cant_hosts=1;max_iters=50;max_resets=50
INITIAL MATRIX: 
0 0 0 0 0 
0 0 0 0 0 
0 0 0 0 0 
0 0 0 0 0 
0 0 0 0 0 
0 0 0 0 0 
0 0 0 0 0 
0 0 0 0 0 
0 0 0 0 0 
0 0 0 0 0 
0 0 0 0 0 
0 0 0 0 0 
0 0 0 0 0 
EVAL: 394
394
FINAL MATRIX: 
0 0 0 0 0 
0 0 0 0 0 
0 0 0 0 0 
0 0 0 0 0 
0 0 0 0 0 
0 0 0 0 0 
0 0 0 0 0 
0 0 0 0 0 
0 0 0 0 0 
0 0 0 0 0 
0 0 0 0 0 
0 0 0 0 0 
0 0 0 0 0 
BEST SOL EVAL: 394
Time: 32.00000 sec
cant_hosts=1;max_iters=25;max_resets=100
INITIAL MATRIX: 
0 0 0 0 0 
0 0 0 0 0 
0 0 0 0 0 
0 0 0 0 0 
0 0 0 0 0 
0 0 0 0 0 
0 0 0 0 0 
0 0 0 0 0 
0 0 0 0 0 
0 0 0 0 0 
0 0 0 0 0 
0 0 0 0 0 
0 0 0 0 0 
EVAL: 394
394
FINAL MATRIX: 
0 0 0 0 0 
0 0 0 0 0 
0 0 0 0 0 
0 0 0 0 0 
0 0 0 0 0 
0 0 0 0 0 
0 0 0 0 0 
0 0 0 0 0 
0 0 0 0 0 
0 0 0 0 0 
0 0 0 0 0 
0 0 0 0 0 
0 0 0 0 0 
BEST SOL EVAL: 394
Time: 33.00000 sec
cant_hosts=1;max_iters=100;max_resets=25
INITIAL MATRIX: 
0 0 0 0 0 
0 0 0 0 0 
0 0 0 0 0 
0 0 0 0 0 
0 0 0 0 0 
0 0 0 0 0 
0 0 0 0 0 
0 0 0 0 0 
0 0 0 0 0 
0 0 0 0 0 
0 0 0 0 0 
0 0 0 0 0 
0 0 0 0 0 
EVAL: 394
394
FINAL MATRIX: 
0 0 0 0 0 
0 0 0 0 0 
0 0 0 0 0 
0 0 0 0 0 
0 0 0 0 0 
0 0 0 0 0 
0 0 0 0 0 
0 0 0 0 0 
0 0 0 0 0 
0 0 0 0 0 
0 0 0 0 0 
0 0 0 0 0 
0 0 0 0 0 
BEST SOL EVAL: 394
Time: 33.00000 sec
cant_hosts=1;max_iters=100;max_resets=50
INITIAL MATRIX: 
0 0 0 0 0 
0 0 0 0 0 
0 0 0 0 0 
0 0 0 0 0 
0 0 0 0 0 
0 0 0 0 0 
0 0 0 0 0 
0 0 0 0 0 
0 0 0 0 0 
0 0 0 0 0 
0 0 0 0 0 
0 0 0 0 0 
0 0 0 0 0 
EVAL: 394
394
FINAL MATRIX: 
0 0 0 0 0 
0 0 0 0 0 
0 0 0 0 0 
0 0 0 0 0 
0 0 0 0 0 
0 0 0 0 0 
0 0 0 0 0 
0 0 0 0 0 
0 0 0 0 0 
0 0 0 0 0 
0 0 0 0 0 
0 0 0 0 0 
0 0 0 0 0 
BEST SOL EVAL: 394
Time: 65.00000 sec
cant_hosts=1;max_iters=50;max_resets=100
INITIAL MATRIX: 
0 0 0 0 0 
0 0 0 0 0 
0 0 0 0 0 
0 0 0 0 0 
0 0 0 0 0 
0 0 0 0 0 
0 0 0 0 0 
0 0 0 0 0 
0 0 0 0 0 
0 0 0 0 0 
0 0 0 0 0 
0 0 0 0 0 
0 0 0 0 0 
EVAL: 394
394
FINAL MATRIX: 
0 0 0 0 0 
0 0 0 0 0 
0 0 0 0 0 
0 0 0 0 0 
0 0 0 0 0 
0 0 0 0 0 
0 0 0 0 0 
0 0 0 0 0 
0 0 0 0 0 
0 0 0 0 0 
0 0 0 0 0 
0 0 0 0 0 
0 0 0 0 0 
BEST SOL EVAL: 394
Time: 66.00000 sec
cant_hosts=1;max_iters=100;max_resets=100
INITIAL MATRIX: 
0 0 0 0 0 
0 0 0 0 0 
0 0 0 0 0 
0 0 0 0 0 
0 0 0 0 0 
0 0 0 0 0 
0 0 0 0 0 
0 0 0 0 0 
0 0 0 0 0 
0 0 0 0 0 
0 0 0 0 0 
0 0 0 0 0 
0 0 0 0 0 
EVAL: 394
394
FINAL MATRIX: 
0 0 0 0 0 
0 0 0 0 0 
0 0 0 0 0 
0 0 0 0 0 
0 0 0 0 0 
0 0 0 0 0 
0 0 0 0 0 
0 0 0 0 0 
0 0 0 0 0 
0 0 0 0 0 
0 0 0 0 0 
0 0 0 0 0 
0 0 0 0 0 
BEST SOL EVAL: 394
Time: 130.00000 sec
cant_hosts=2;max_iters=25;max_resets=25
INITIAL MATRIX: 
1 1 0 1 0 
0 1 1 0 1 
1 0 1 0 1 
1 1 1 0 0 
1 0 1 0 1 
0 0 0 0 0 
1 1 1 1 1 
1 1 0 1 0 
1 0 0 1 0 
1 0 1 0 1 
1 1 1 1 1 
1 1 1 1 0 
EVAL: 166
166
162
158
154
150
149
146
144
143
141
140
139
138
137
FINAL MATRIX: 
1 0 1 0 0 
1 1 0 1 0 
0 1 0 0 1 
0 1 0 1 0 
0 1 1 0 1 
1 1 1 0 0 
0 0 1 1 1 
0 0 1 0 0 
1 0 1 1 1 
1 0 1 1 1 
1 1 0 0 1 
0 0 0 1 0 
BEST SOL EVAL: 137
Time: 8.00000 sec
cant_hosts=2;max_iters=50;max_resets=25
INITIAL MATRIX: 
1 1 1 0 0 
1 0 0 1 0 
0 0 1 0 1 
0 1 0 1 1 
0 0 1 1 1 
0 1 1 1 0 
1 0 1 0 0 
0 0 0 0 1 
0 0 1 1 1 
0 1 0 1 0 
1 1 0 0 0 
1 1 1 0 0 
EVAL: 146
146
145
144
142
141
140
139
138
137
FINAL MATRIX: 
0 0 1 1 0 
1 0 0 1 0 
0 0 0 1 1 
1 0 0 0 0 
1 1 1 0 1 
0 0 0 0 1 
0 1 0 1 1 
1 0 0 1 0 
1 1 1 0 1 
0 1 1 0 0 
1 1 1 0 1 
0 1 1 1 0 
BEST SOL EVAL: 137
Time: 20.00000 sec
cant_hosts=2;max_iters=25;max_resets=50
INITIAL MATRIX: 
1 0 1 0 0 
0 0 1 1 0 
0 1 0 1 0 
0 1 0 1 0 
1 0 1 0 0 
1 1 0 0 1 
0 1 1 0 0 
1 0 0 0 1 
0 1 0 0 0 
0 1 0 1 0 
0 0 0 1 1 
1 0 0 1 0 
EVAL: 155
155
153
151
149
147
145
144
142
141
140
139
138
137
FINAL MATRIX: 
0 1 1 1 0 
0 1 1 1 0 
1 0 1 0 0 
1 1 1 0 0 
0 0 1 1 1 
0 0 1 0 1 
1 0 0 0 0 
0 1 0 1 0 
0 0 0 0 1 
1 1 0 0 1 
1 0 0 1 1 
1 1 0 1 1 
BEST SOL EVAL: 137
Time: 16.00000 sec
cant_hosts=2;max_iters=50;max_resets=50
INITIAL MATRIX: 
0 0 1 1 1 
0 0 1 1 1 
0 1 0 1 1 
1 0 1 1 1 
1 0 0 1 1 
1 0 0 1 0 
1 1 0 1 0 
0 1 1 1 0 
0 1 1 1 1 
0 0 1 1 0 
0 0 0 0 1 
1 0 1 0 1 
EVAL: 165
165
162
161
154
151
150
149
145
144
141
140
139
138
136
135
FINAL MATRIX: 
1 0 0 1 0 
0 0 0 1 0 
0 1 0 0 1 
1 1 0 1 1 
1 0 0 0 1 
0 0 1 0 1 
0 1 1 0 0 
1 0 0 1 0 
1 0 1 0 0 
1 1 1 0 0 
0 1 1 1 1 
0 1 1 1 1 
BEST SOL EVAL: 135
Time: 41.00000 sec
cant_hosts=2;max_iters=25;max_resets=100
INITIAL MATRIX: 
1 0 1 0 1 
0 0 0 1 0 
0 0 1 1 0 
1 0 1 0 0 
1 0 0 1 0 
1 1 1 1 1 
0 0 1 0 1 
0 0 1 1 1 
0 1 0 1 0 
0 0 0 1 0 
0 0 1 0 0 
1 1 1 0 0 
EVAL: 160
160
156
153
152
150
149
146
145
144
143
142
141
140
139
138
137
FINAL MATRIX: 
1 0 1 1 0 
1 0 1 1 1 
1 0 0 0 1 
1 1 1 0 0 
1 0 0 0 0 
1 1 0 1 0 
0 1 0 1 0 
0 0 1 1 0 
0 1 1 0 1 
0 1 0 1 1 
0 1 1 0 1 
0 0 0 0 1 
BEST SOL EVAL: 137
Time: 33.00000 sec
cant_hosts=2;max_iters=100;max_resets=25
INITIAL MATRIX: 
1 0 1 1 1 
0 1 1 1 1 
0 0 1 0 1 
1 0 0 0 1 
1 0 1 1 1 
0 1 1 0 1 
1 1 1 0 0 
0 1 1 0 0 
1 0 0 0 0 
1 0 0 0 0 
1 1 0 1 0 
1 1 0 1 1 
EVAL: 149
149
145
144
143
142
141
139
138
137
136
FINAL MATRIX: 
0 1 1 0 0 
0 1 1 1 1 
0 0 1 0 0 
0 0 0 0 1 
1 0 0 1 0 
1 0 0 1 0 
0 1 0 1 1 
1 1 1 0 0 
0 0 1 1 1 
1 1 0 0 1 
1 1 0 1 0 
1 0 1 0 1 
BEST SOL EVAL: 136
Time: 45.00000 sec
cant_hosts=2;max_iters=100;max_resets=50
INITIAL MATRIX: 
0 1 1 0 1 
1 0 0 1 1 
0 1 1 0 0 
1 1 0 0 0 
0 1 1 0 1 
0 1 0 0 1 
0 0 0 1 0 
0 0 0 0 1 
1 0 0 1 0 
0 0 1 1 0 
1 1 1 1 1 
0 1 1 0 1 
EVAL: 151
151
148
145
144
142
141
139
138
137
136
135
FINAL MATRIX: 
1 1 0 1 1 
1 1 0 0 0 
1 0 0 1 0 
1 0 1 1 1 
0 1 1 0 0 
0 0 1 0 1 
0 1 1 1 1 
1 1 0 1 1 
0 1 1 0 0 
1 0 1 0 0 
0 0 0 0 1 
0 0 0 1 0 
BEST SOL EVAL: 135
Time: 91.00000 sec
cant_hosts=2;max_iters=50;max_resets=100
INITIAL MATRIX: 
1 0 0 0 0 
0 1 1 0 1 
1 1 1 0 0 
1 0 1 0 0 
1 0 0 1 0 
0 0 1 1 1 
1 1 1 1 1 
1 0 0 0 0 
1 0 1 0 0 
1 0 1 0 0 
1 0 0 1 1 
0 1 1 0 0 
EVAL: 165
165
163
159
156
152
150
148
147
146
145
144
143
142
141
140
139
138
137
136
FINAL MATRIX: 
1 1 0 1 1 
0 0 1 0 1 
1 1 1 0 1 
0 0 1 1 0 
0 0 1 1 0 
0 0 0 0 1 
0 1 0 1 0 
1 1 0 1 1 
1 0 0 1 0 
1 1 0 0 0 
1 1 0 0 0 
0 0 1 0 1 
BEST SOL EVAL: 136
Time: 86.00000 sec
cant_hosts=2;max_iters=100;max_resets=100
INITIAL MATRIX: 
0 0 1 1 0 
0 0 1 0 1 
0 1 1 0 1 
1 1 0 0 1 
1 1 1 0 1 
0 1 0 0 1 
1 0 0 0 0 
0 0 0 1 0 
1 1 1 0 0 
1 0 1 1 0 
0 0 1 1 0 
0 0 0 0 0 
EVAL: 152
152
151
150
147
146
145
143
142
141
140
139
138
137
136
FINAL MATRIX: 
0 1 1 0 0 
1 1 1 0 1 
0 0 1 1 1 
1 0 1 1 1 
0 1 0 1 1 
1 1 0 1 0 
0 0 0 0 1 
0 0 1 0 0 
1 0 0 0 1 
0 1 1 0 0 
1 1 0 1 0 
1 0 0 1 0 
BEST SOL EVAL: 136
Time: 199.00000 sec
cant_hosts=3;max_iters=25;max_resets=25
INITIAL MATRIX: 
2 2 1 1 1 
1 2 2 0 1 
0 0 2 0 1 
1 2 0 2 1 
1 1 1 0 1 
0 1 0 2 0 
0 2 0 2 1 
2 1 0 1 1 
1 0 2 1 1 
1 1 0 0 1 
2 1 2 1 2 
EVAL: 90
90
89
88
87
86
80
78
76
75
70
69
67
66
65
64
63
62
61
60
59
58
57
56
55
54
53
52
FINAL MATRIX: 
1 0 1 2 2 
1 1 0 0 1 
0 0 2 1 1 
1 2 2 0 0 
0 0 2 1 1 
0 1 0 2 0 
2 1 2 0 2 
0 2 0 2 0 
2 2 0 1 2 
2 2 1 2 1 
2 1 1 1 0 
BEST SOL EVAL: 52
Time: 4.00000 sec
cant_hosts=3;max_iters=50;max_resets=25
INITIAL MATRIX: 
1 2 1 2 2 
0 2 2 0 2 
1 0 0 2 2 
2 0 2 2 1 
1 1 0 2 2 
2 0 0 0 0 
0 0 0 1 0 
2 1 0 1 0 
1 0 0 1 2 
2 2 0 0 2 
2 2 0 2 2 
EVAL: 94
94
91
88
87
84
83
82
81
80
78
74
71
70
69
67
66
65
64
63
62
60
59
57
56
55
54
52
51
50
49
48
FINAL MATRIX: 
1 2 0 2 2 
2 2 2 0 1 
2 0 1 1 2 
1 0 2 0 0 
0 2 2 1 0 
0 0 0 2 1 
2 1 1 2 0 
2 1 0 0 0 
1 2 1 0 1 
0 0 0 2 1 
0 1 2 1 2 
BEST SOL EVAL: 48
Time: 20.00000 sec
cant_hosts=3;max_iters=25;max_resets=50
INITIAL MATRIX: 
0 1 1 1 0 
2 1 2 2 1 
2 1 0 2 1 
0 0 0 0 1 
1 1 0 0 2 
1 0 2 0 2 
2 1 1 1 0 
2 2 1 1 1 
2 1 0 0 0 
1 2 1 1 2 
1 0 0 2 2 
EVAL: 79
79
78
77
76
74
73
69
68
65
64
63
62
61
60
59
57
56
55
54
53
52
50
FINAL MATRIX: 
0 2 1 2 0 
0 2 2 0 1 
1 1 0 2 1 
2 0 1 0 1 
0 1 2 0 2 
1 0 2 1 0 
2 2 0 1 2 
2 0 1 1 1 
2 1 0 0 0 
1 2 1 1 0 
1 0 0 2 2 
BEST SOL EVAL: 50
Time: 14.00000 sec
cant_hosts=3;max_iters=50;max_resets=50
INITIAL MATRIX: 
1 0 1 2 0 
0 2 1 1 2 
1 0 1 2 1 
0 1 0 1 0 
0 1 0 2 0 
1 0 2 2 1 
1 1 1 2 2 
2 0 2 1 2 
1 0 2 0 2 
1 0 0 1 1 
1 1 0 2 1 
EVAL: 87
87
84
81
78
74
71
70
68
66
64
63
62
61
60
59
57
56
55
54
53
52
51
50
49
48
FINAL MATRIX: 
2 2 0 1 2 
2 1 0 2 1 
2 0 1 2 0 
0 2 1 2 1 
0 1 2 1 0 
1 1 1 0 2 
1 0 2 2 2 
1 0 2 1 1 
0 1 2 1 0 
1 2 0 0 0 
0 0 1 0 2 
BEST SOL EVAL: 48
Time: 42.00000 sec
cant_hosts=3;max_iters=25;max_resets=100
INITIAL MATRIX: 
2 2 0 0 1 
2 0 0 2 1 
0 2 0 0 1 
2 2 1 1 1 
1 2 1 2 2 
1 2 0 0 0 
2 1 1 0 2 
0 0 0 0 0 
2 0 2 0 2 
1 2 2 0 0 
0 1 0 1 1 
EVAL: 84
84
83
82
81
80
78
75
72
70
68
67
66
65
64
62
61
60
58
57
56
54
53
52
51
FINAL MATRIX: 
2 1 1 1 0 
0 2 0 1 0 
1 1 2 1 2 
2 2 2 0 1 
0 0 2 1 1 
2 0 1 2 2 
1 1 0 0 2 
0 0 1 0 2 
1 2 1 0 1 
0 1 0 2 1 
1 0 2 2 0 
BEST SOL EVAL: 51
Time: 24.00000 sec
cant_hosts=3;max_iters=100;max_resets=25
INITIAL MATRIX: 
1 0 0 1 0 
1 0 1 0 2 
0 2 1 0 1 
0 2 0 1 1 
1 2 1 1 1 
0 1 2 1 0 
1 2 0 2 1 
0 1 1 0 1 
1 1 1 2 2 
2 1 1 0 2 
2 2 2 2 1 
EVAL: 79
79
78
75
72
70
68
67
66
65
63
62
60
59
58
57
56
55
54
53
52
51
50
FINAL MATRIX: 
2 0 1 1 1 
2 2 0 0 1 
1 1 1 0 2 
0 0 0 1 2 
1 0 2 0 0 
2 1 0 2 0 
0 2 1 2 0 
0 2 1 1 0 
2 0 2 1 2 
1 2 0 2 1 
0 1 2 0 1 
BEST SOL EVAL: 50
Time: 51.00000 sec
cant_hosts=3;max_iters=100;max_resets=50
INITIAL MATRIX: 
2 0 0 2 2 
0 2 2 2 0 
2 1 2 1 1 
1 0 0 2 1 
1 2 2 2 2 
2 1 1 0 2 
1 0 0 2 2 
0 2 2 0 2 
0 1 2 2 2 
0 1 2 1 0 
2 2 2 2 1 
EVAL: 87
87
85
81
80
78
77
76
71
70
67
66
65
64
62
60
59
58
57
56
55
54
53
52
51
49
FINAL MATRIX: 
0 1 1 2 0 
1 0 1 2 2 
0 0 2 0 1 
2 2 1 0 1 
0 2 0 1 2 
2 1 2 0 2 
1 2 0 2 2 
1 2 2 0 0 
2 0 0 1 0 
2 0 0 1 0 
1 1 2 1 1 
BEST SOL EVAL: 49
Time: 101.00000 sec
cant_hosts=3;max_iters=50;max_resets=100
INITIAL MATRIX: 
2 1 0 0 1 
0 0 1 2 1 
0 2 0 2 2 
2 0 2 0 1 
0 1 0 0 0 
2 1 0 1 0 
0 0 1 0 2 
2 1 2 1 0 
1 1 0 1 1 
1 2 1 0 2 
2 1 0 0 0 
EVAL: 79
79
77
76
74
73
70
69
68
67
66
65
64
63
62
60
59
58
57
56
54
53
52
51
50
49
FINAL MATRIX: 
0 2 1 0 2 
2 2 1 1 0 
2 1 0 2 2 
2 1 2 0 1 
2 0 0 0 1 
0 0 1 2 0 
1 0 2 1 2 
0 0 2 2 0 
1 1 2 0 0 
0 1 0 1 2 
1 2 0 2 1 
BEST SOL EVAL: 49
Time: 83.00000 sec
cant_hosts=3;max_iters=100;max_resets=100
INITIAL MATRIX: 
0 2 2 0 1 
2 1 2 2 0 
0 2 0 1 1 
2 2 0 0 2 
0 2 2 2 2 
1 0 2 0 2 
0 0 2 0 1 
1 1 0 1 0 
1 1 1 2 0 
2 1 2 0 1 
0 1 2 0 1 
EVAL: 82
82
78
76
73
70
68
67
66
65
63
62
60
58
57
56
55
54
53
52
51
50
49
48
FINAL MATRIX: 
0 1 2 0 0 
1 2 1 1 0 
1 0 2 0 1 
2 2 1 0 2 
2 0 2 1 2 
0 0 0 1 2 
0 2 2 2 1 
2 1 0 2 1 
2 0 1 2 0 
1 1 0 2 2 
1 2 0 1 0 
BEST SOL EVAL: 48
Time: 201.00000 sec
cant_hosts=4;max_iters=25;max_resets=25
INITIAL MATRIX: 
3 2 0 3 1 
0 0 0 1 3 
3 1 0 1 0 
2 1 0 2 0 
3 1 2 0 1 
3 3 3 0 2 
0 3 0 1 2 
2 1 2 2 2 
2 1 0 2 3 
0 0 0 0 2 
EVAL: 49
49
46
45
44
43
41
39
38
36
33
32
30
28
27
26
25
24
23
22
21
20
18
17
16
15
FINAL MATRIX: 
0 2 3 3 1 
1 2 2 1 3 
3 0 1 1 1 
1 3 1 2 0 
2 3 2 0 1 
1 1 3 0 2 
0 3 0 1 2 
3 1 2 3 0 
2 1 0 2 3 
3 0 1 0 2 
BEST SOL EVAL: 15
Time: 5.00000 sec
cant_hosts=4;max_iters=50;max_resets=25
INITIAL MATRIX: 
1 0 2 0 2 
3 3 1 0 0 
0 2 2 0 0 
0 1 0 1 2 
2 2 2 2 0 
3 3 0 3 2 
3 1 2 1 1 
0 0 0 2 0 
0 2 2 3 3 
2 3 0 3 0 
EVAL: 47
47
46
44
43
42
41
40
39
37
36
35
34
33
30
29
28
27
26
25
24
23
21
20
19
18
17
16
15
14
13
FINAL MATRIX: 
0 3 2 1 1 
0 1 1 3 2 
2 1 3 1 0 
3 2 1 0 0 
3 0 0 1 2 
1 3 0 2 0 
3 1 2 0 3 
1 2 0 3 3 
2 0 1 2 3 
1 0 3 0 1 
BEST SOL EVAL: 13
Time: 18.00000 sec
cant_hosts=4;max_iters=25;max_resets=50
INITIAL MATRIX: 
2 3 1 1 2 
2 1 1 0 2 
3 3 0 3 1 
1 0 3 1 0 
0 0 3 1 1 
0 3 2 3 1 
2 1 1 0 2 
3 2 0 0 2 
2 3 2 3 2 
3 0 2 3 1 
EVAL: 54
54
51
50
49
48
47
45
44
42
41
40
38
36
35
34
33
32
31
30
28
27
25
24
23
22
21
19
18
17
16
15
14
13
FINAL MATRIX: 
0 3 2 1 0 
1 3 0 2 3 
2 0 3 1 3 
2 1 0 3 0 
3 0 1 2 0 
3 1 2 0 2 
1 0 3 3 2 
3 2 0 1 1 
0 2 1 3 3 
0 2 3 0 1 
BEST SOL EVAL: 13
Time: 12.00000 sec
cant_hosts=4;max_iters=50;max_resets=50
INITIAL MATRIX: 
3 0 1 2 2 
1 1 1 2 3 
2 0 0 2 0 
1 2 3 0 1 
1 2 2 3 0 
2 2 1 3 3 
3 2 3 0 0 
1 1 1 3 3 
1 1 0 1 0 
0 3 2 3 3 
EVAL: 47
47
45
44
41
40
38
36
35
34
32
31
30
29
28
27
26
25
24
23
22
21
20
19
18
17
16
15
14
13
12
FINAL MATRIX: 
1 2 3 0 0 
1 0 2 3 2 
3 3 1 0 2 
2 0 3 1 1 
0 3 2 1 3 
2 1 0 0 3 
0 1 3 2 2 
1 3 0 2 1 
3 2 0 1 0 
0 2 1 3 1 
BEST SOL EVAL: 12
Time: 38.00000 sec
cant_hosts=4;max_iters=25;max_resets=100
INITIAL MATRIX: 
0 3 1 0 0 
0 3 1 3 1 
0 2 0 2 2 
2 3 3 3 3 
3 3 2 2 3 
2 3 1 3 3 
0 3 3 1 3 
3 1 3 1 1 
0 1 3 0 3 
1 2 3 0 1 
EVAL: 56
56
53
51
50
49
48
45
43
41
37
35
34
32
31
29
28
27
24
22
21
20
19
18
17
16
15
14
FINAL MATRIX: 
1 3 2 0 0 
0 3 0 1 2 
3 2 3 1 0 
0 2 1 0 3 
1 1 0 2 3 
2 2 0 3 1 
0 1 3 2 1 
3 0 1 2 2 
0 0 2 3 1 
2 0 3 1 3 
BEST SOL EVAL: 14
Time: 21.00000 sec
cant_hosts=4;max_iters=100;max_resets=25
INITIAL MATRIX: 
0 1 2 1 3 
3 2 1 3 2 
2 1 3 2 2 
3 2 0 1 0 
2 2 3 0 1 
2 1 1 1 0 
0 2 1 2 3 
1 2 1 2 1 
0 0 2 3 2 
1 2 1 1 3 
EVAL: 44
44
43
42
40
38
33
32
31
30
29
28
27
26
25
23
22
21
20
19
18
17
16
15
14
13
12
11
10
FINAL MATRIX: 
0 3 1 3 2 
1 0 2 1 3 
1 1 3 0 2 
3 0 1 2 0 
3 3 2 0 1 
2 1 0 3 1 
3 2 0 1 2 
0 2 3 2 1 
2 3 3 1 0 
2 2 1 0 3 
BEST SOL EVAL: 10
Time: 46.00000 sec
cant_hosts=4;max_iters=100;max_resets=50
INITIAL MATRIX: 
2 1 1 3 0 
0 1 3 0 2 
1 1 3 0 2 
3 1 0 1 1 
2 0 0 1 1 
1 3 3 0 3 
1 2 0 2 2 
0 2 3 0 2 
2 1 3 1 2 
2 0 3 2 1 
EVAL: 50
50
48
47
45
44
43
41
38
37
35
34
33
32
31
29
28
27
25
24
23
22
21
20
19
18
17
16
15
14
13
12
10
FINAL MATRIX: 
1 3 0 2 1 
1 0 3 1 2 
3 3 2 1 0 
1 2 1 3 0 
3 0 1 2 3 
3 1 0 3 2 
0 3 1 0 2 
0 0 2 3 1 
2 2 0 1 3 
2 1 3 0 1 
BEST SOL EVAL: 10
Time: 93.00000 sec
cant_hosts=4;max_iters=50;max_resets=100
INITIAL MATRIX: 
2 3 0 2 1 
2 1 3 3 0 
2 3 3 2 3 
0 3 1 3 1 
0 1 3 0 3 
2 2 2 1 0 
2 3 3 3 2 
1 1 3 0 0 
0 3 0 3 1 
3 3 0 0 3 
EVAL: 54
54
53
51
47
46
45
43
41
39
38
36
35
34
33
31
29
28
27
25
24
23
21
20
19
18
16
15
14
13
12
FINAL MATRIX: 
1 0 2 3 1 
0 3 2 1 0 
3 2 3 0 1 
2 0 1 0 3 
1 3 3 0 2 
3 0 1 2 0 
0 2 1 3 2 
3 1 0 1 2 
2 1 3 3 0 
1 2 0 2 3 
BEST SOL EVAL: 12
Time: 75.00000 sec
cant_hosts=4;max_iters=100;max_resets=100
INITIAL MATRIX: 
1 3 1 0 1 
0 2 0 1 1 
2 2 2 2 0 
1 1 1 1 2 
2 0 3 1 0 
1 1 3 2 3 
1 0 2 2 0 
3 3 3 3 0 
0 2 3 2 0 
3 3 2 0 1 
EVAL: 43
43
42
40
39
38
37
36
35
34
33
32
31
29
28
26
25
23
22
21
20
19
18
17
14
13
FINAL MATRIX: 
1 3 3 2 0 
0 0 1 2 3 
0 3 2 1 1 
0 1 3 3 2 
2 2 3 0 1 
2 2 1 3 0 
3 1 2 0 0 
1 0 2 3 1 
2 1 0 1 3 
3 2 0 1 2 
BEST SOL EVAL: 13
Time: 185.00000 sec
cant_hosts=5;max_iters=25;max_resets=25
INITIAL MATRIX: 
2 3 4 1 3 
0 1 2 3 0 
0 0 2 0 0 
0 2 4 3 2 
1 1 3 3 4 
0 1 1 0 0 
1 4 4 2 2 
2 0 3 4 3 
3 1 3 2 3 
EVAL: 31
31
28
26
24
23
22
21
19
18
17
16
15
14
12
11
10
9
8
7
6
5
4
3
2
1
0
FINAL MATRIX: 
3 2 4 1 0 
0 4 3 1 2 
0 3 4 2 1 
0 2 1 3 4 
2 0 1 4 3 
4 3 1 0 2 
3 1 0 4 2 
1 4 2 0 3 
4 1 2 3 0 
BEST SOL EVAL: 0
Time: 6.00000 sec
cant_hosts=5;max_iters=50;max_resets=25
INITIAL MATRIX: 
4 4 2 0 2 
3 2 0 0 3 
3 4 4 3 1 
1 2 1 3 0 
1 1 3 1 2 
3 1 4 4 0 
4 3 4 4 1 
2 2 0 4 4 
3 2 4 4 2 
EVAL: 31
31
30
28
27
26
25
24
23
22
19
17
16
15
14
13
12
11
10
9
7
6
5
4
3
2
1
0
FINAL MATRIX: 
0 3 1 4 2 
3 2 0 4 1 
0 4 2 3 1 
1 0 4 3 2 
2 3 4 0 1 
4 2 1 0 3 
4 0 3 2 1 
3 1 2 0 4 
2 4 3 1 0 
BEST SOL EVAL: 0
Time: 17.00000 sec
cant_hosts=5;max_iters=25;max_resets=50
INITIAL MATRIX: 
0 0 4 0 1 
0 0 0 1 4 
1 2 1 0 3 
4 4 4 1 3 
2 3 4 0 1 
1 4 1 1 1 
1 3 1 2 3 
3 2 3 3 3 
4 1 2 0 4 
EVAL: 27
27
26
25
24
23
21
20
19
18
16
15
14
13
12
11
10
9
8
7
6
5
4
3
2
1
0
FINAL MATRIX: 
1 2 4 3 0 
0 3 4 1 2 
2 0 1 3 4 
1 4 3 0 2 
3 4 1 2 0 
1 0 2 4 3 
0 1 3 2 4 
3 1 0 4 2 
4 3 2 0 1 
BEST SOL EVAL: 0
Time: 11.00000 sec
cant_hosts=5;max_iters=50;max_resets=50
INITIAL MATRIX: 
0 0 0 3 0 
4 3 3 3 2 
2 3 1 2 4 
4 4 0 4 2 
0 4 1 2 0 
4 1 3 4 3 
0 1 3 0 4 
4 1 0 4 4 
2 2 2 0 1 
EVAL: 27
27
25
24
23
22
21
20
19
18
17
14
13
12
11
10
9
8
7
6
5
4
3
2
1
0
FINAL MATRIX: 
1 2 4 3 0 
0 3 4 1 2 
2 0 1 3 4 
1 4 3 0 2 
3 4 1 2 0 
1 0 2 4 3 
0 1 3 2 4 
3 1 0 4 2 
4 3 2 0 1 
BEST SOL EVAL: 0
Time: 34.00000 sec
cant_hosts=5;max_iters=25;max_resets=100
INITIAL MATRIX: 
2 0 4 0 4 
0 0 2 2 1 
3 4 3 1 4 
0 2 4 1 3 
3 1 4 1 3 
0 2 1 2 1 
0 4 1 4 2 
2 1 2 4 4 
3 4 0 3 1 
EVAL: 25
25
24
23
22
21
20
19
18
16
15
13
12
11
10
9
7
6
5
4
3
2
1
FINAL MATRIX: 
3 0 1 2 4 
3 2 4 0 1 
2 3 0 1 4 
4 0 3 1 2 
0 4 2 1 3 
0 1 3 2 1 
1 3 4 2 0 
0 3 1 4 2 
4 1 2 3 0 
BEST SOL EVAL: 1
Time: 22.00000 sec
cant_hosts=5;max_iters=100;max_resets=25
INITIAL MATRIX: 
3 1 4 0 1 
1 1 1 3 4 
3 2 3 4 0 
0 3 4 1 0 
0 4 1 3 4 
4 2 0 0 3 
3 3 1 2 1 
4 0 4 0 4 
4 0 3 2 4 
EVAL: 21
21
20
19
18
17
15
14
12
11
10
9
8
7
6
5
4
3
2
1
0
FINAL MATRIX: 
4 2 3 1 0 
1 0 2 3 4 
2 0 1 4 3 
1 4 3 0 2 
3 1 0 4 2 
0 3 4 1 2 
4 3 0 2 1 
3 2 4 0 1 
2 1 4 3 0 
BEST SOL EVAL: 0
Time: 40.00000 sec
cant_hosts=5;max_iters=100;max_resets=50
INITIAL MATRIX: 
0 3 1 0 0 
1 0 2 0 0 
3 0 1 2 2 
2 4 3 1 3 
1 1 3 3 2 
4 1 1 2 0 
2 2 3 3 2 
3 2 4 3 2 
0 3 2 1 0 
EVAL: 29
29
27
26
25
23
22
21
20
19
18
17
16
15
14
13
12
11
10
9
8
7
6
5
4
3
2
1
0
FINAL MATRIX: 
3 2 4 0 1 
0 1 2 3 4 
4 3 0 2 1 
1 2 0 4 3 
0 4 1 2 3 
2 3 1 0 4 
4 0 1 3 2 
2 0 4 1 3 
3 4 0 1 2 
BEST SOL EVAL: 0
Time: 81.00000 sec
cant_hosts=5;max_iters=50;max_resets=100
INITIAL MATRIX: 
3 3 2 3 4 
3 3 1 4 2 
3 1 4 1 3 
2 3 3 2 1 
2 1 3 1 4 
4 4 2 1 1 
4 4 1 2 2 
1 2 0 4 3 
4 3 0 4 1 
EVAL: 23
23
21
20
19
18
17
16
15
14
13
12
11
10
9
8
7
6
5
4
3
2
1
0
FINAL MATRIX: 
1 0 2 4 3 
4 3 1 0 2 
0 1 4 3 2 
2 3 4 1 0 
3 2 1 4 0 
3 4 2 0 1 
2 1 3 0 4 
4 2 0 1 3 
1 4 3 2 0 
BEST SOL EVAL: 0
Time: 69.00000 sec
cant_hosts=5;max_iters=100;max_resets=100
INITIAL MATRIX: 
3 0 0 2 0 
0 4 3 0 1 
1 2 3 2 2 
3 4 0 0 1 
0 4 4 4 4 
1 1 2 2 4 
4 1 4 2 0 
1 4 0 4 4 
3 3 4 2 0 
EVAL: 35
35
33
32
31
30
29
28
26
25
24
23
22
21
20
19
18
17
16
15
13
12
11
10
9
8
7
6
5
4
3
2
1
FINAL MATRIX: 
0 4 3 2 1 
2 1 3 0 4 
4 1 0 3 2 
3 2 0 4 1 
3 4 2 1 0 
1 0 2 3 4 
2 3 1 4 0 
0 2 1 1 4 
1 3 4 0 2 
BEST SOL EVAL: 1
Time: 160.00000 sec
