cant_hosts=13;max_resets=10;CAPA penalty=1;DIFF penalty=1;ONCE penalty=1
357
355
354
353
351
350
349
348
347
346
342
340
339
337
336
335
333
331
330
329
328
327
326
325
324
321
320
319
317
316
315
314
313
312
311
310
309
307
306
304
303
302
300
299
298
297
296
295
294
292
291
290
289
287
285
282
281
280
279
278
277
276
275
273
272
271
269
268
266
263
262
261
259
257
256
255
254
253
252
251
248
247
246
244
242
239
237
236
235
234
233
231
230
229
228
227
226
225
224
223
222
221
220
219
218
217
216
215
213
212
211
210
209
208
207
206
205
204
203
202
200
365
364
363
361
356
354
353
351
350
349
348
347
346
345
344
343
342
341
340
339
338
337
335
334
333
331
330
328
326
325
324
323
322
321
320
319
318
315
314
313
311
310
309
308
304
303
302
301
299
298
297
296
291
290
289
288
287
286
285
284
281
280
279
278
277
276
274
273
272
270
269
268
266
265
264
262
261
260
259
258
257
256
255
254
253
252
250
249
247
246
245
244
243
242
241
240
239
238
237
236
235
234
232
231
230
229
228
227
225
224
223
222
221
220
218
217
216
215
214
213
212
211
210
208
207
205
204
202
201
200
199
353
350
349
348
347
345
344
343
342
341
339
337
336
334
333
332
330
329
328
327
324
323
322
321
320
319
318
316
315
314
313
312
311
310
309
308
306
305
304
303
301
298
296
295
294
293
292
291
290
286
285
284
283
282
281
280
279
278
277
276
275
274
272
271
270
269
268
265
264
263
262
261
260
259
258
257
255
254
253
252
251
250
248
247
246
245
244
242
241
240
239
238
237
235
234
233
232
231
230
229
228
227
226
225
224
223
222
221
220
219
218
217
216
215
214
212
211
210
209
208
207
206
205
204
203
338
337
336
334
332
331
330
329
327
323
322
321
320
319
317
313
312
311
310
309
308
307
306
302
301
297
296
294
293
292
290
288
287
286
285
284
281
279
278
277
276
275
274
273
270
269
268
267
266
265
264
263
262
261
259
258
257
255
254
253
252
251
250
249
248
247
246
245
244
243
242
240
239
238
237
235
234
233
232
231
230
228
227
226
225
224
223
222
221
220
219
218
217
216
215
214
212
211
210
209
207
206
205
203
202
201
200
199
198
349
346
344
343
342
341
340
339
337
336
335
334
333
332
331
330
329
327
326
325
322
319
318
317
316
315
314
313
311
310
306
302
301
300
299
297
295
294
292
289
288
287
286
285
284
283
280
279
277
276
274
273
272
271
270
269
268
267
265
264
263
262
261
260
259
258
257
256
255
254
252
251
250
249
248
247
246
245
244
242
241
240
239
238
237
236
235
234
233
232
231
229
228
227
226
225
224
223
222
221
220
219
217
216
215
214
213
212
211
210
209
208
207
206
368
367
366
364
363
362
360
358
356
355
353
351
348
345
344
342
340
338
336
335
334
332
331
330
328
327
326
324
323
321
315
314
313
311
310
309
308
306
305
302
301
300
298
296
295
293
292
291
290
289
288
287
286
285
284
283
282
281
280
279
277
275
273
272
271
269
268
266
265
264
263
262
261
260
259
258
257
256
255
254
253
252
251
250
249
247
246
245
243
242
241
240
239
236
235
233
232
231
230
229
227
226
225
224
223
222
221
219
218
217
216
214
213
212
211
209
208
207
206
205
203
202
201
199
197
196
195
194
376
375
374
370
369
368
367
366
365
363
362
361
360
359
357
353
351
348
347
346
345
344
343
342
341
340
339
337
336
334
333
332
331
326
325
324
323
322
321
320
319
318
317
316
315
314
311
309
308
307
304
303
300
297
296
295
294
293
292
291
290
288
284
283
282
281
280
279
278
277
275
274
272
271
270
269
267
266
265
264
263
262
261
259
258
257
256
255
254
253
251
250
249
248
247
246
245
244
243
242
241
239
238
237
236
235
234
232
231
230
229
228
225
224
222
221
220
219
217
216
215
214
213
212
208
207
206
205
204
203
202
201
200
199
360
359
358
357
354
353
352
350
349
348
345
344
343
342
341
340
339
338
337
335
334
332
331
330
329
328
326
323
322
321
320
318
316
315
314
313
312
310
309
307
306
303
302
301
300
299
298
297
296
293
291
290
289
288
287
286
285
284
282
281
279
278
277
276
273
272
270
268
266
265
264
263
262
261
260
259
257
256
255
251
250
247
245
244
243
242
240
239
238
237
236
234
233
232
231
230
229
228
227
225
224
223
222
221
220
218
217
216
215
213
212
211
210
209
207
206
205
204
203
202
201
200
198
197
196
195
194
193
192
191
190
189
188
187
364
363
361
359
355
354
353
350
349
348
347
346
345
341
340
339
338
337
336
335
334
333
332
330
329
328
327
326
325
324
323
322
321
320
319
316
315
314
313
312
309
307
306
304
302
301
300
299
298
296
295
294
293
291
289
288
287
286
285
284
283
282
280
279
278
277
275
274
273
272
270
268
267
266
265
264
263
262
261
260
259
258
257
256
255
253
252
251
250
249
248
247
246
245
244
242
241
240
239
238
237
236
234
232
231
229
227
226
224
223
222
221
220
219
218
217
216
214
213
212
211
210
209
208
207
206
205
365
364
363
362
360
359
358
357
356
355
353
352
351
349
347
346
345
344
343
342
341
339
338
337
336
334
333
331
330
329
326
325
324
323
322
320
319
317
316
313
312
310
309
308
307
306
305
304
303
302
301
300
299
297
296
295
293
292
291
290
289
288
287
286
285
284
283
282
281
280
279
278
277
276
275
273
272
271
270
269
268
266
264
263
262
261
260
259
258
257
256
255
254
253
252
251
250
249
248
247
245
243
242
241
240
238
237
236
235
234
233
232
231
230
229
228
226
225
224
222
221
220
219
218
217
216
215
214
213
212
211
210
209
208
207
206
205
204
203
202
201
200
BEST SOL EVAL: 187
Time: 2758.000000 sec
