cant_hosts=13;max_resets=10;CAPA penalty=1;DIFF penalty=1;ONCE penalty=1
381
380
377
376
374
373
371
369
368
367
366
365
364
363
362
361
360
359
358
356
354
353
351
350
349
348
345
344
342
341
340
339
338
337
336
335
332
331
330
329
327
326
325
323
322
321
320
319
318
316
315
314
313
312
311
310
309
308
304
303
302
301
300
299
298
297
296
295
294
293
292
291
290
289
288
286
285
284
283
282
280
279
278
276
275
274
273
272
269
268
267
266
265
264
263
262
261
260
259
258
257
256
254
253
252
251
250
249
248
247
245
244
243
242
241
239
237
236
234
233
232
231
229
228
226
225
224
223
221
219
218
217
216
215
214
213
212
211
210
209
208
206
205
204
203
350
349
348
347
346
345
344
343
341
340
339
338
337
335
334
332
330
329
328
327
326
325
324
323
322
320
319
318
316
315
314
311
310
309
308
307
306
305
304
301
300
298
297
296
295
294
291
290
289
288
287
286
285
283
282
280
278
277
276
275
274
273
272
271
270
269
268
267
266
265
264
263
262
261
259
257
256
255
254
252
251
250
249
248
246
245
244
243
242
241
240
238
237
236
235
234
232
231
230
229
228
227
226
225
224
222
221
220
219
218
217
216
215
214
213
212
211
210
209
208
207
206
205
204
202
201
200
365
364
362
361
360
359
353
352
351
350
349
347
346
345
343
342
340
339
338
337
335
334
333
332
331
329
328
327
326
325
323
320
319
318
315
314
313
311
310
309
307
306
304
302
301
300
298
297
296
295
294
293
290
287
283
282
281
279
277
276
275
273
271
270
269
268
267
266
264
263
262
261
260
259
258
257
256
255
254
253
252
250
249
248
247
245
243
242
241
240
239
238
237
236
235
234
233
232
231
230
229
228
227
226
225
224
223
221
220
219
218
217
216
215
213
211
210
209
208
207
206
205
204
203
202
201
199
198
197
196
195
368
365
364
363
362
359
358
356
354
353
352
351
348
347
346
345
344
343
342
340
339
338
337
336
335
334
332
331
329
328
326
325
323
322
321
318
317
315
314
313
312
311
310
309
308
307
305
304
302
301
299
298
297
294
293
291
290
287
285
284
282
281
280
279
278
277
276
275
273
272
271
270
268
267
266
265
264
263
262
261
260
259
258
256
255
252
251
250
249
248
247
246
245
244
243
242
241
240
238
237
236
235
234
233
232
231
229
228
227
226
225
224
223
221
220
219
218
217
216
215
214
213
212
211
210
209
208
207
206
205
204
203
365
364
363
362
361
360
359
358
355
354
353
352
351
350
349
347
346
345
343
342
340
339
338
337
336
335
334
333
332
331
329
328
326
325
324
323
322
321
320
319
318
317
316
315
314
313
311
309
307
306
305
304
303
299
298
295
294
292
291
290
289
285
284
282
281
280
279
278
277
276
275
273
271
270
268
267
266
264
263
262
258
257
256
255
254
253
252
250
249
248
247
246
245
243
242
241
239
238
235
234
233
232
231
230
229
227
226
225
224
223
222
220
219
218
217
216
214
212
211
209
208
207
206
205
204
203
202
201
200
198
197
196
195
194
192
362
357
356
355
353
351
350
348
347
344
342
341
340
339
338
337
336
335
329
328
327
325
324
323
322
321
320
319
318
317
315
313
312
311
310
309
308
307
306
305
302
301
300
299
296
294
293
290
289
287
286
285
284
283
281
279
278
277
275
274
273
272
271
270
269
267
266
265
263
262
261
260
258
257
256
255
252
251
250
249
248
247
246
245
244
243
242
241
240
239
237
236
235
234
233
232
231
230
229
228
227
226
225
224
222
221
220
219
218
217
216
215
214
213
212
211
210
209
208
207
206
205
204
203
202
201
200
199
198
197
196
194
359
358
357
356
353
352
351
350
349
348
347
346
345
344
343
341
339
338
337
336
334
333
332
331
330
329
328
327
326
325
324
322
320
319
318
317
315
314
312
310
308
306
304
303
302
301
300
299
298
295
294
293
292
291
290
289
286
285
284
283
282
281
279
278
277
276
275
274
273
272
270
269
268
267
266
265
264
263
262
259
258
257
256
253
252
251
249
248
247
246
245
243
242
241
240
239
238
237
235
234
233
232
231
229
228
227
225
224
223
222
220
219
218
216
215
214
213
212
211
210
209
208
207
206
205
204
203
202
201
200
199
198
197
196
195
364
363
362
359
358
357
356
354
353
352
350
347
346
345
343
342
340
339
337
336
334
333
332
330
327
326
325
322
321
319
313
312
310
309
308
307
306
304
303
302
301
300
299
298
296
295
294
293
292
291
289
287
285
282
281
280
279
277
275
274
273
272
271
269
268
267
265
264
263
262
261
260
259
258
257
255
253
252
250
248
247
245
244
243
242
241
240
239
238
236
235
233
231
230
228
227
226
225
224
223
222
221
220
219
218
217
216
214
213
212
211
209
208
207
205
204
203
201
200
199
197
196
195
194
193
192
357
356
355
353
350
349
347
346
345
343
342
341
340
339
338
337
336
335
334
332
331
330
328
326
324
323
322
321
320
319
317
316
312
311
310
309
308
307
306
305
302
301
300
299
298
297
296
295
294
293
292
291
290
289
288
286
285
284
283
281
280
279
278
277
276
275
273
272
271
268
267
265
264
263
261
260
258
257
254
253
252
251
250
249
248
247
245
244
242
241
240
239
238
235
234
232
231
229
228
227
226
225
224
223
222
220
219
218
217
216
215
213
211
210
209
208
207
206
205
204
203
202
201
200
199
198
197
196
195
361
359
358
357
356
355
354
353
351
350
349
348
347
346
345
344
342
341
340
338
336
335
334
333
332
330
329
328
326
325
324
323
322
321
319
318
317
315
314
313
312
311
310
308
306
304
303
302
301
300
298
297
296
295
294
293
292
291
289
288
287
286
285
284
283
282
280
279
278
277
276
275
274
272
271
269
268
267
266
265
264
263
262
260
258
257
256
254
252
250
249
248
246
245
243
241
239
238
237
236
235
234
231
230
229
228
227
226
225
223
221
220
219
218
216
215
214
213
212
210
209
208
207
206
205
204
203
201
200
198
197
BEST SOL EVAL: 192
Time: 2440.000000 sec
