cant_hosts=13;max_resets=10;CAPA penalty=1;DIFF penalty=1;ONCE penalty=1
388
387
385
384
381
380
377
374
373
372
371
369
366
365
364
363
362
361
359
356
355
354
353
352
351
350
349
348
346
345
344
343
342
341
340
339
338
337
336
335
334
332
331
330
328
326
325
323
322
321
320
319
317
316
315
314
313
311
310
309
308
307
306
305
304
303
302
301
300
299
298
296
295
293
292
291
290
289
288
287
286
285
283
282
281
280
279
278
277
276
275
274
273
271
270
269
268
267
266
265
264
262
261
259
258
257
256
254
253
252
251
249
248
247
246
245
244
243
241
240
239
238
236
234
233
231
230
229
228
227
226
225
224
222
221
220
219
217
216
215
214
213
212
210
209
208
207
206
205
390
389
387
386
384
383
382
381
380
379
378
376
374
373
370
369
367
366
365
364
363
362
361
359
358
355
354
353
352
351
349
348
347
346
344
342
341
340
339
338
337
336
335
334
333
332
329
324
322
320
319
316
315
314
313
312
309
307
306
305
304
303
302
301
299
297
296
295
293
292
291
290
289
288
287
286
284
282
281
280
278
275
274
273
272
271
270
269
268
267
266
265
264
263
262
261
260
259
255
254
252
251
250
249
248
247
246
245
244
243
242
241
240
239
238
237
236
234
233
232
231
230
229
228
227
225
224
223
222
221
377
374
373
371
370
369
368
366
363
362
361
359
358
357
356
355
354
352
351
350
349
348
347
345
343
342
341
340
339
337
336
335
333
332
331
329
328
327
326
325
324
323
322
320
319
317
316
313
312
311
310
309
308
303
302
299
297
295
294
293
292
291
290
289
288
287
286
285
283
282
281
280
279
278
277
276
275
274
273
272
271
270
269
268
267
265
264
263
261
260
259
258
257
256
255
254
253
251
250
249
248
247
246
244
242
240
239
238
237
236
235
234
233
232
231
230
229
228
227
226
225
224
223
222
221
220
219
218
217
216
215
214
212
211
210
209
208
207
392
390
389
388
387
386
384
383
382
381
380
378
377
375
370
364
363
362
361
359
358
357
356
353
351
350
349
348
347
346
345
344
343
342
340
338
337
336
335
334
333
332
331
329
326
325
324
323
322
320
318
317
315
313
311
310
308
307
306
305
304
303
302
301
300
299
298
297
296
295
293
292
291
290
289
287
286
285
284
282
280
279
277
276
275
273
271
270
268
267
266
265
264
263
262
261
259
258
257
256
254
253
252
251
250
249
248
247
244
243
242
241
239
238
237
236
234
233
232
231
230
229
228
227
226
225
224
223
221
220
219
218
217
216
215
214
213
212
405
403
401
400
398
395
394
393
392
391
390
389
387
385
384
383
382
381
380
377
376
373
371
369
368
367
366
365
364
363
361
360
359
358
356
355
354
352
350
349
348
347
346
345
344
342
341
340
339
337
336
335
333
332
331
329
328
327
326
325
323
322
321
320
316
315
314
313
312
310
309
308
305
304
303
302
300
298
296
295
294
293
292
291
290
288
287
285
283
282
281
280
279
278
277
276
275
274
273
271
270
269
268
267
265
264
263
262
260
259
258
257
254
253
252
251
250
249
247
246
245
244
243
242
240
239
238
235
233
232
231
230
229
228
227
226
225
224
222
221
220
219
218
217
215
213
394
390
389
388
387
386
385
384
383
382
381
380
378
376
374
373
371
370
369
368
367
365
364
363
362
361
360
359
358
357
356
355
354
353
351
350
349
348
347
345
344
343
341
339
338
336
335
334
333
332
331
330
328
327
326
325
324
323
321
320
319
315
314
312
310
308
307
306
305
304
303
301
300
299
296
295
294
293
292
291
290
289
288
287
286
285
283
282
281
279
278
277
276
275
274
273
272
271
270
268
267
266
265
259
258
255
253
252
251
250
249
248
247
246
244
243
242
241
240
239
238
237
236
235
234
233
232
231
230
229
227
226
225
224
223
222
221
220
219
218
217
216
215
214
213
212
373
372
371
370
369
368
366
364
363
362
361
360
358
356
353
352
351
350
348
346
344
343
342
341
339
338
337
336
335
334
333
332
331
330
329
328
326
325
323
322
320
318
316
314
312
311
310
309
308
307
306
305
303
302
301
299
298
296
295
294
293
292
291
290
289
288
286
285
284
283
282
279
278
277
276
275
274
273
272
271
270
269
268
266
265
264
263
262
261
260
259
258
257
256
254
253
252
251
250
249
248
247
246
245
244
243
242
241
240
239
236
235
234
232
231
229
227
226
224
223
222
221
220
219
218
217
216
215
214
388
380
377
376
374
373
372
371
368
367
366
365
363
362
361
360
358
357
356
355
354
352
351
350
349
347
346
344
343
341
339
337
334
332
331
330
329
325
324
323
322
321
320
319
318
317
316
315
314
313
312
311
310
307
306
305
304
303
301
300
299
298
297
296
295
294
293
292
290
289
288
287
286
282
281
280
279
278
277
276
275
274
273
272
271
270
269
267
266
265
264
263
262
261
260
259
258
257
256
255
254
253
252
251
250
249
248
247
245
243
242
241
240
238
237
236
235
234
233
232
231
230
229
228
227
226
225
224
223
222
221
220
219
388
385
384
382
380
378
377
375
374
373
371
370
366
365
364
363
362
361
359
358
356
355
353
351
350
348
346
345
344
343
342
341
339
338
337
336
335
334
333
332
329
328
327
326
325
324
323
322
321
320
319
318
317
314
312
311
310
309
308
307
306
305
303
302
301
300
299
298
297
296
295
294
293
292
291
290
289
288
286
285
284
283
281
279
278
277
275
274
273
272
271
270
269
268
267
266
265
264
263
262
261
260
259
258
257
255
254
253
252
250
249
248
247
246
245
244
243
242
241
240
239
238
237
236
235
234
232
230
228
226
225
224
223
222
221
220
219
218
217
216
215
214
369
368
367
363
362
361
360
359
357
356
355
352
350
348
347
346
345
344
343
342
341
340
339
337
336
335
334
333
331
330
329
328
327
326
325
324
323
322
321
320
319
318
316
314
313
311
310
308
307
306
305
304
303
302
301
300
299
298
296
295
294
293
292
291
290
289
288
287
286
285
284
283
282
281
280
279
278
277
275
274
273
272
271
270
268
267
265
264
263
262
261
260
259
258
257
255
254
253
252
251
250
249
247
246
245
244
243
242
241
240
238
237
236
235
234
233
232
229
228
227
226
225
224
223
222
221
220
218
217
BEST SOL EVAL: 205
Time: 2189.000000 sec
