cant_hosts=13;max_resets=10;CAPA penalty=1;DIFF penalty=1;ONCE penalty=1
401
399
398
397
395
394
393
392
390
389
387
384
381
379
375
374
371
370
369
368
366
365
364
360
358
354
351
349
348
347
346
345
344
342
341
340
339
338
337
336
335
333
331
330
329
328
327
326
325
324
323
322
321
319
317
315
314
311
306
305
304
303
302
301
299
298
297
296
295
294
293
292
291
290
289
288
285
284
283
282
281
280
279
278
276
275
274
273
272
271
269
268
267
266
265
264
261
260
259
258
257
255
253
252
251
249
246
243
242
240
239
238
237
236
235
234
233
232
230
229
228
227
226
225
224
223
222
221
220
219
402
401
400
398
396
395
394
392
391
390
388
387
386
385
383
382
381
380
379
378
377
375
374
372
371
370
369
367
366
365
364
362
361
360
359
358
357
356
355
354
353
352
351
350
349
348
347
344
343
341
340
339
338
337
335
334
333
332
330
329
328
327
326
325
324
322
320
319
318
317
316
313
312
310
309
308
307
306
305
304
301
300
299
297
296
295
293
292
291
290
288
287
285
284
283
282
281
280
279
278
277
276
275
274
273
272
270
269
268
267
266
265
264
263
262
261
260
259
258
257
256
255
254
253
252
250
248
247
246
245
244
241
240
239
238
237
236
234
233
232
229
228
227
226
225
224
223
222
221
220
219
218
410
408
407
404
403
402
400
398
395
394
393
392
391
390
389
388
387
386
385
384
383
381
379
378
377
376
375
374
370
368
365
364
363
362
361
359
358
357
356
355
354
352
351
350
349
348
347
346
345
344
343
342
341
340
339
338
337
335
334
333
330
329
328
327
326
325
324
323
322
321
319
316
314
313
312
311
310
309
307
306
305
304
303
301
300
299
297
295
294
293
291
289
287
286
285
284
283
281
280
278
276
275
274
273
271
270
268
267
266
265
262
261
260
259
257
256
255
254
253
249
248
247
246
245
244
243
242
241
240
239
237
236
235
234
233
232
231
229
228
227
226
225
224
223
222
221
220
219
218
217
216
214
212
397
395
394
393
392
391
390
389
388
386
384
383
382
379
378
377
376
373
370
369
368
367
366
365
364
362
360
358
356
355
354
353
352
351
350
349
348
347
346
345
344
343
342
340
339
338
336
335
334
333
332
329
328
327
326
325
324
323
322
321
320
319
318
316
315
312
311
310
309
307
306
305
304
303
302
301
300
299
297
296
294
293
292
290
289
288
287
283
281
279
278
277
276
275
272
270
268
267
266
265
264
263
262
260
259
258
257
256
255
254
253
252
251
250
249
248
245
244
243
242
241
240
239
238
236
234
233
231
230
229
228
226
225
224
223
222
221
219
218
217
362
360
359
358
357
355
353
352
351
349
346
345
343
340
339
338
335
334
333
332
329
328
326
325
324
323
322
321
319
316
315
313
312
311
310
307
306
305
304
303
302
301
299
297
296
295
294
293
292
291
290
289
288
286
285
282
281
280
278
277
276
273
272
271
270
266
265
264
263
261
260
259
258
255
254
253
252
251
250
249
247
246
245
244
243
242
241
240
238
237
236
235
234
233
232
231
230
229
228
227
226
225
224
223
221
220
219
217
216
215
214
213
391
390
389
388
387
386
382
381
380
378
377
375
374
373
372
371
370
368
366
365
364
362
360
359
356
355
354
353
352
349
348
347
346
345
343
341
340
339
338
337
336
335
334
333
332
331
330
329
328
327
326
323
322
321
320
318
317
314
313
312
309
308
306
305
304
303
302
300
299
297
294
292
290
289
288
287
286
285
284
283
282
281
280
279
278
277
276
274
273
272
271
270
269
268
267
266
265
264
263
262
260
259
258
257
256
255
254
253
252
251
250
249
248
246
245
244
243
242
241
240
239
238
236
235
234
233
232
231
230
229
227
226
225
224
223
222
392
391
387
386
384
382
380
379
378
375
374
372
371
369
368
366
365
364
362
361
360
358
357
356
355
354
352
351
350
349
347
346
344
343
342
341
339
338
337
336
335
334
333
332
331
330
329
328
327
326
324
323
322
321
320
319
318
317
316
315
314
313
311
310
308
307
306
305
304
303
302
300
299
298
297
296
295
294
293
292
291
290
289
288
286
285
284
283
282
280
279
278
277
276
275
274
273
271
269
268
267
266
265
263
262
261
260
259
258
257
256
255
254
253
252
251
249
248
245
244
243
241
239
238
237
236
235
234
233
232
230
229
228
227
226
225
224
223
222
221
219
218
217
216
215
387
382
381
380
379
377
376
375
374
373
372
371
369
367
363
361
360
358
356
355
354
352
351
350
349
347
346
343
342
339
338
337
336
335
334
333
332
331
330
328
327
325
323
322
321
320
319
317
314
312
311
310
309
308
306
305
304
303
302
301
300
298
296
295
294
293
292
291
290
289
287
286
283
282
278
277
276
275
274
273
272
271
270
269
268
265
262
261
260
259
258
257
256
255
254
253
252
251
250
248
247
246
245
244
243
241
238
237
235
234
233
231
230
229
228
227
226
225
224
223
222
220
219
218
217
216
214
213
212
211
411
410
409
408
406
404
403
402
401
400
399
398
396
394
392
391
390
388
387
386
385
384
383
382
381
380
379
378
377
374
371
370
368
365
364
362
361
360
359
358
357
356
355
353
352
351
350
349
347
343
342
341
340
337
336
335
334
332
331
329
328
327
326
325
324
323
322
321
320
319
316
315
314
313
312
311
310
309
307
305
304
303
302
301
300
298
297
296
295
294
291
290
289
287
286
285
283
282
280
278
276
275
274
273
269
267
265
264
263
262
260
259
258
256
255
254
252
250
249
248
246
245
244
243
242
241
240
239
238
237
236
234
233
232
231
230
229
228
227
226
225
224
222
221
220
383
382
380
379
377
376
374
373
372
371
370
369
368
367
366
365
364
363
361
360
359
355
352
351
349
347
346
344
343
342
341
340
337
336
335
334
333
332
331
330
329
328
327
326
325
324
323
322
321
320
319
318
317
316
315
314
312
311
310
309
308
307
306
305
304
303
302
299
298
297
296
295
294
293
292
291
290
289
288
285
284
281
279
278
277
276
275
274
273
272
271
270
269
266
265
264
261
259
258
257
256
254
253
252
251
250
247
245
244
243
242
241
240
239
237
235
234
233
232
230
229
227
226
224
223
222
221
220
BEST SOL EVAL: 211
Time: 2104.000000 sec
