cant_hosts=13;max_resets=10;CAPA penalty=1;DIFF penalty=1;ONCE penalty=1
379
378
377
375
372
371
369
368
362
359
358
357
356
354
352
350
349
348
347
344
342
341
340
339
338
337
336
335
334
332
328
326
324
323
321
319
318
316
315
314
312
311
310
308
305
303
301
299
298
297
295
293
291
288
287
286
285
284
283
282
281
280
278
276
275
274
272
271
270
269
268
266
263
261
260
259
258
257
256
255
253
252
251
250
248
247
246
245
244
243
242
241
239
238
236
235
233
232
230
229
228
226
224
222
221
219
218
217
216
215
214
213
212
211
210
209
208
207
206
205
204
203
202
201
200
199
198
197
379
376
375
374
373
372
371
369
365
364
362
360
359
357
355
354
352
350
348
344
343
342
339
338
336
335
333
332
331
327
326
324
320
317
313
312
310
309
307
306
305
304
303
302
301
300
299
298
297
296
294
293
292
291
289
288
287
286
285
284
282
281
280
279
278
277
276
275
274
273
270
267
266
265
264
263
262
261
260
259
258
257
256
251
250
249
248
247
246
245
244
243
242
241
239
238
236
233
232
231
229
227
226
224
223
222
221
220
218
217
216
215
214
212
375
372
371
370
368
367
364
362
360
359
358
357
356
355
354
353
352
351
347
345
344
343
342
341
340
336
335
332
331
330
329
328
327
326
325
324
323
321
320
318
317
316
314
313
312
311
310
309
308
307
306
305
304
303
301
300
299
298
297
296
295
294
293
292
291
290
289
288
287
285
284
283
282
280
279
278
275
273
272
271
270
269
268
267
266
265
264
263
262
260
259
258
257
256
252
251
250
249
247
245
244
243
242
239
237
235
234
233
232
231
230
229
228
226
225
224
223
222
221
220
219
218
216
215
214
213
212
211
210
209
208
207
205
204
202
201
377
376
375
373
372
371
369
368
367
365
364
363
362
361
360
357
356
355
354
353
352
350
348
346
345
344
343
340
339
338
337
336
335
334
333
332
331
329
328
326
325
324
323
322
321
320
319
318
317
315
314
313
312
311
309
308
306
305
303
302
301
300
299
298
297
295
294
292
291
289
288
286
283
282
281
280
278
277
276
275
274
272
271
270
269
267
266
265
264
263
262
261
260
259
258
257
256
255
254
253
252
251
249
248
247
245
244
243
241
240
239
237
236
235
233
230
228
227
226
225
224
223
222
221
220
217
216
215
214
212
211
210
209
208
206
204
203
366
364
363
362
361
360
359
357
356
355
354
352
351
350
349
348
344
341
338
337
336
334
333
332
331
330
328
327
326
325
322
320
319
318
317
316
313
310
309
306
305
304
303
302
301
299
298
297
296
295
294
293
292
291
290
289
288
287
286
285
284
283
282
281
280
278
277
276
275
274
273
271
269
268
267
266
265
264
263
262
260
259
258
256
255
254
252
251
249
246
245
243
240
238
237
236
234
233
232
231
230
229
228
225
224
223
222
221
219
218
217
216
214
213
212
211
210
209
208
205
204
202
201
200
198
364
363
362
361
359
358
357
354
353
352
350
347
346
342
341
339
337
335
334
333
332
331
330
329
328
327
326
325
324
323
322
321
320
319
318
317
315
314
313
312
311
310
308
307
306
305
304
303
302
301
300
299
297
296
295
294
293
291
290
288
287
286
285
284
282
281
278
277
276
275
274
273
271
270
269
268
267
266
265
264
263
262
261
260
259
258
257
256
254
253
252
251
250
249
247
246
245
243
242
241
240
239
238
237
236
235
233
231
230
229
228
227
226
225
224
223
222
221
220
219
217
216
215
213
212
211
209
208
206
205
204
203
202
201
200
199
197
195
371
370
368
367
366
365
364
363
362
361
360
359
358
357
356
355
354
352
351
349
348
346
345
342
341
339
338
337
336
335
334
331
330
329
328
326
325
323
322
321
320
319
318
316
312
311
310
308
307
306
304
303
302
301
300
299
298
297
295
292
291
288
287
286
284
282
281
279
277
276
275
274
272
271
269
268
267
266
265
263
262
261
260
259
258
257
256
255
254
253
252
251
250
249
248
247
246
245
243
242
241
240
239
238
237
235
234
233
232
231
230
229
228
227
225
224
223
222
221
220
219
218
216
215
214
213
212
211
210
209
208
207
205
204
203
201
200
199
198
197
195
194
359
357
356
354
353
349
347
346
343
342
339
338
337
335
333
331
330
328
327
326
325
323
322
320
319
318
315
313
312
310
309
308
307
306
305
304
303
302
301
298
297
296
295
294
293
291
288
286
285
284
282
281
280
279
278
277
276
275
274
273
272
271
269
268
267
266
265
264
263
262
261
260
259
257
256
254
253
251
250
248
247
246
245
243
242
241
240
239
238
237
236
235
234
233
232
231
229
227
226
225
223
222
219
217
216
215
214
213
212
211
210
209
207
206
205
204
203
383
382
380
379
378
377
375
374
373
372
371
370
367
366
364
363
360
359
358
357
356
355
354
353
351
350
349
348
347
346
345
344
343
341
340
339
338
337
336
335
334
333
329
328
327
326
325
324
322
321
320
319
318
317
316
315
314
313
312
311
310
308
307
305
304
303
302
301
297
296
295
294
293
292
291
289
288
287
286
284
282
281
280
279
277
276
275
274
272
271
270
269
268
265
264
259
257
256
255
254
253
252
251
250
249
248
247
246
245
244
243
242
241
240
239
237
235
233
232
231
230
229
228
226
225
224
223
222
220
219
217
216
215
214
213
357
353
351
350
349
348
347
346
345
344
342
341
339
338
337
336
335
333
332
331
329
328
326
322
320
317
316
315
314
313
312
311
310
308
307
305
304
302
301
300
299
298
297
296
293
292
291
290
289
288
286
285
284
283
282
281
278
277
275
272
271
269
268
267
266
264
263
261
259
257
255
254
253
252
251
250
249
247
246
245
244
243
242
241
240
239
238
237
235
234
233
232
231
230
229
227
226
224
223
221
220
218
217
216
215
214
213
212
211
210
209
207
206
205
204
203
201
BEST SOL EVAL: 194
Time: 2312.000000 sec
