cant_hosts=13;max_resets=10;CAPA penalty=1;DIFF penalty=1;ONCE penalty=1
388
386
382
381
380
378
377
376
375
374
373
372
371
370
369
367
366
365
364
363
362
361
360
359
357
356
355
353
350
349
348
347
345
344
343
342
341
340
339
338
335
334
331
330
329
324
323
322
321
320
317
315
312
311
310
309
308
307
306
305
304
303
302
301
300
299
298
297
296
294
293
292
291
290
288
287
285
284
283
282
281
278
277
275
274
271
270
268
267
266
265
264
263
261
258
257
256
255
254
251
250
249
248
247
246
245
243
238
237
236
234
232
231
230
229
228
227
226
225
224
223
222
221
220
219
218
383
382
381
377
375
373
370
369
368
366
365
364
362
361
360
359
357
356
355
354
353
352
351
350
349
348
347
346
345
343
342
341
340
339
338
336
335
334
333
332
331
330
329
328
327
326
324
323
322
321
320
319
318
317
316
315
313
312
311
310
309
308
307
306
305
304
301
300
299
298
297
296
295
294
293
292
291
290
289
288
286
284
283
281
280
279
277
275
274
273
272
270
269
268
267
266
265
264
262
261
259
258
257
256
255
254
253
250
249
248
247
246
244
243
242
241
240
239
238
236
233
232
230
229
228
226
225
224
223
221
219
218
217
216
215
214
213
403
402
401
400
399
398
396
393
392
391
389
388
387
386
385
384
383
382
381
380
379
376
375
374
373
372
369
367
366
365
363
361
360
357
356
355
354
353
351
349
348
345
343
342
341
340
339
338
337
336
335
334
333
332
330
327
326
325
324
322
321
319
316
313
311
309
307
306
305
304
302
301
300
299
298
297
296
295
293
291
289
288
287
286
285
284
283
282
281
280
279
278
277
276
275
272
271
270
269
268
267
266
265
264
263
261
259
258
257
256
255
252
251
250
249
248
247
246
245
244
243
242
240
239
238
237
236
235
234
232
231
230
229
228
227
226
225
224
223
222
221
220
219
218
216
215
214
213
212
211
210
209
391
389
383
382
380
379
378
376
375
373
372
371
368
367
366
364
363
361
360
359
358
357
356
354
353
351
350
349
348
347
346
345
344
342
340
337
336
335
334
333
332
330
329
327
326
324
322
321
320
319
316
315
314
313
312
310
309
308
307
306
304
303
302
301
299
298
296
295
294
293
292
291
289
288
286
285
284
283
281
280
279
278
277
276
275
274
273
272
271
270
269
268
267
266
265
264
263
262
261
260
258
257
256
255
254
251
250
248
247
246
245
244
243
240
239
238
235
234
233
232
231
230
229
228
227
225
223
222
221
220
219
218
217
216
213
212
211
210
209
208
207
206
205
204
203
202
201
368
367
366
365
362
361
360
358
357
355
354
353
351
347
344
342
340
339
338
337
336
335
334
332
330
329
327
325
324
323
320
319
317
316
315
312
311
309
308
307
306
305
304
303
302
301
299
298
297
295
294
293
292
291
290
289
287
285
284
283
282
281
279
276
275
274
270
269
268
267
266
264
262
261
260
259
258
257
256
255
254
253
251
250
249
248
246
245
244
243
242
241
240
239
238
237
236
235
234
233
232
231
230
229
227
226
224
223
221
220
219
218
217
216
214
212
210
209
403
401
400
399
398
397
396
394
393
392
390
388
387
386
385
383
381
380
379
378
377
376
375
374
373
372
371
370
368
366
364
362
361
360
359
357
356
355
354
353
351
350
349
348
347
346
345
344
343
342
341
340
339
337
336
333
331
330
329
327
326
325
324
323
322
321
320
319
318
316
313
312
310
309
308
307
306
304
303
302
301
300
299
298
297
296
295
294
293
291
290
289
287
283
282
281
280
279
278
276
275
274
273
271
270
269
266
265
264
263
261
260
259
258
257
256
255
254
253
251
250
249
248
247
246
245
244
243
242
241
239
238
237
236
235
234
233
232
231
230
228
227
226
225
224
223
222
221
219
218
216
215
214
213
212
211
210
209
208
207
206
205
204
203
396
394
393
392
390
389
388
387
383
381
380
379
378
377
376
375
374
372
371
370
369
368
366
365
364
362
361
360
359
358
356
354
353
352
350
348
347
346
342
341
340
339
338
337
336
334
333
332
330
329
328
327
326
325
324
322
319
318
316
315
314
312
311
310
307
306
305
303
302
301
299
298
297
295
294
293
292
291
290
289
288
285
284
282
281
279
278
277
276
275
273
272
271
270
269
268
267
266
265
263
262
260
259
258
257
256
255
254
253
251
250
249
248
247
246
244
243
242
241
240
239
238
237
236
235
234
233
232
231
230
229
228
227
225
224
223
220
219
218
217
215
214
213
212
211
383
382
379
376
375
374
371
368
366
365
364
361
360
359
358
357
356
353
352
351
349
348
347
346
343
342
340
339
338
336
335
334
333
332
331
329
328
326
325
323
322
321
320
319
318
317
316
315
314
313
312
311
310
309
308
307
306
304
302
301
300
299
298
296
295
294
293
292
291
289
288
287
285
284
283
282
281
280
279
277
273
272
271
270
269
267
266
265
264
263
262
261
260
259
258
257
256
254
253
252
251
250
249
248
247
245
243
242
241
240
239
238
236
235
234
233
232
230
229
227
226
225
222
220
219
218
217
216
215
214
213
211
210
208
207
381
380
379
378
377
376
375
372
371
370
369
368
367
366
365
364
363
362
361
360
359
357
356
355
353
352
351
350
349
348
347
346
343
341
338
337
336
334
333
332
330
329
328
327
326
325
324
323
322
321
320
319
318
317
316
315
314
313
312
311
310
309
308
307
303
302
301
300
299
298
297
296
295
294
293
292
291
290
288
287
286
285
284
283
282
281
280
279
278
277
276
275
274
273
272
270
269
268
267
266
265
264
263
262
261
260
259
258
256
255
254
253
252
250
249
248
247
246
244
243
242
241
240
238
236
235
234
233
232
231
230
229
227
226
225
224
223
222
220
219
218
217
216
215
214
213
212
211
383
382
381
380
379
378
377
376
375
374
372
371
368
367
366
365
363
362
361
360
359
357
356
354
353
351
350
349
348
344
343
342
340
339
338
337
336
335
334
333
332
331
330
329
328
326
324
323
322
321
319
318
317
316
315
314
312
311
310
309
308
307
305
304
303
302
300
297
296
295
294
293
292
291
290
288
286
285
284
282
281
280
279
278
277
276
274
273
272
271
269
268
265
262
261
260
259
258
256
255
254
251
249
248
247
246
245
244
243
241
239
238
237
236
235
234
233
232
230
229
228
227
226
225
224
221
220
219
218
217
216
BEST SOL EVAL: 201
Time: 2164.000000 sec
